scheduling = [[20000
20000
20000
20000
20000
20000
20000
20000
20000
20000
20000
20000
20000
20000
20000
20000
20000
20000
20000
20000
20000
20000
20000
20000
20000
20000
20000
20000
20000
20000
20000
20000
20000
20000
20000
20000
20000
],[20000
20000
18575.1073
17657.7944
17067.24961
16687.07057
16442.32011
16284.75543
16183.31895
16118.01649
16075.97628
16048.91177
16031.48826
16031.48826
16014.94696
16007.09508
16003.36792
16001.59869
16000.75887
16000.36022
16000.17099
16000.08117
16000.03853
16000.01829
16000.00868
16000.00868
16000.00412
16000.00196
16000.00093
16000.00044
16000.00021
16000.0001
16000.00005
16000
16000
16000
16000
],[16000
20000
20000
20000
20000
20000
20000
20000
20000
20000
20000
20000
20000
20000
20000
20000
20000
20000
20000
20000
20000
20000
20000
20000
20000
20000
20000
20000
20000
20000
20000
20000
20000
20000
20000
20000
20000
],[30000
30000
30000
30000
30000
30000
30000
30000
30000
30000
30000
30000
30000
30000
30000
30000
30000
30000
30000
30000
30000
30000
30000
30000
30000
30000
30000
30000
30000
30000
30000
30000
30000
30000
30000
30000
30000
]];
Vent = [0
0
5.82077E-11
-1.16415E-10
2.91038E-10
-2.32831E-10
-2.91038E-10
4.07454E-10
-2.32831E-10
2.32831E-10
0
-5.82077E-11
2.91038E-10
0
1.74623E-10
1.74623E-10
5.82077E-11
1.16415E-10
2.32831E-10
-1.74623E-10
-1.74623E-10
1.74623E-10
0
1.16415E-10
1.74623E-10
0
0
0
-2.91038E-10
-3.49246E-10
5.82077E-11
0
-5.82077E-11
-1.74623E-10
1.74623E-10
-1.74623E-10
1.74623E-10
];
P0 = [2100000
2100000
2104297.663
2107492.617
2109977.673
2112005.713
2113739.537
2115283.951
2116706.427
2118050.403
2119343.842
2120604.746
2121844.706
2121844.706
2123064.781
2124275.418
2125481.574
2126685.603
2127888.622
2129091.163
2130293.476
2131495.681
2132697.834
2133899.964
2135102.082
2135102.082
2136304.194
2137506.304
2138708.412
2139910.52
2141112.628
2142314.735
2143516.843
2144718.95
2145921.057
2147123.165
2148325.272
];